485 0
1 -0.920296562 -0.553689718 0.65195547 
8 0.241884928 -0.287238352 -0.71809588 
6 2.6890800980000003 0.069919862 0.36849657 
1 3.471426662 1.868939014 -0.26456164000000004 
1 3.941968436 -1.447530116 -0.234326024 
6 2.547350648 0.064250684 3.22198283 
1 1.791460248 1.889726 3.8115773419999996 
8 1.0147828620000001 -2.073029422 4.027006106 
6 2.558689004 -3.89283556 5.238320472 
1 2.076808874 -3.853151314 7.241430031999999 
7 1.9029540819999997 -6.3834944280000006 4.249993774 
6 2.887501328 -8.660614258 5.0191122560000005 
7 4.64872596 -8.998875212 6.8313594900000005 
6 5.21564376 -11.408275862 7.14316428 
7 6.933404694 -12.07534914 8.866594392 
1 7.77622249 -10.720415598 9.909723143999999 
1 7.385049208 -13.90838336 9.12737658 
7 4.140389666 -13.339575834 5.790120464 
1 4.703528014 -15.119697725999998 6.175624568 
6 2.322473254 -13.042888852 3.917401998 
8 1.475876006 -14.91938677 2.813802014 
6 1.693194496 -10.457743684 3.556464332 
7 -0.003779452 -9.33524644 1.8991746299999999 
6 0.185193148 -6.923956064 2.38105476 
1 -0.89761985 -5.495323208 1.404066418 
6 5.304460882 -3.13694516 4.767778698 
1 6.020667036 -3.9306300800000002 3.00466434 
8 6.7652190800000005 -3.849371862 6.893720448000001 
1 5.652170466 -3.9060636420000003 8.322353304 
6 5.0663554060000004 -0.27212054399999996 4.57313692 
1 6.614041 0.582035608 3.516780086 
8 5.0455684199999995 0.931634918 6.98253757 
15 7.670397834 1.621384908 8.356368372 
8 9.764214242 1.056356834 6.572467028 
8 7.655280026000001 0.432747254 10.898049842 
8 7.536227288 4.609041714 8.707857407999999 
6 5.929960188 5.72586978 10.565458066 
1 7.065685514 6.417509496 12.14148955 
1 4.593923906000001 4.3274725400000005 11.270325864 
6 4.474871168 7.9085033099999995 9.431622466 
1 3.633943098 8.964860144 10.986866964 
8 6.190742375999999 9.405166302000001 7.887716324000001 
6 5.408395812 9.331466987999999 5.334696498 
1 4.508886236 11.141824496 4.926515682000001 
7 7.649610848 9.110369045999999 3.745436932 
6 8.188182758 10.514435464 1.628943812 
7 6.72742456 12.35880804 0.6443965660000001 
6 7.749766326 13.366031998 -1.396507514 
7 6.547900589999999 15.225522382000001 -2.6116013319999998 
1 4.867934176 15.835903880000002 -1.948307506 
1 7.311349894 16.009758672 -4.172515008 
7 10.021216978 12.625259406 -2.39995202 
1 10.635377928 13.515320352 -3.9665348740000006 
6 11.557564216 10.73364368 -1.4229636780000001 
8 13.573901858 10.215858756 -2.481210238 
6 10.486089574000001 9.630043696 0.7766773859999999 
7 11.378040246 7.7081923539999995 2.326252706 
6 9.6376026 7.470086878 4.055351996 
1 9.747206708 6.1170430620000005 5.580360878 
6 3.57158214 7.1223772940000005 5.085252666 
1 4.56368829 5.33847595 4.782896506 
8 1.81413696 7.676067012000001 3.1463937900000003 
1 0.5045568420000001 8.67384234 3.898504738 
6 2.313024624 7.16206154 7.674177286 
1 1.504221896 5.33847595 8.190072484 
8 0.291017804 8.936514254 7.793230024 
15 -1.9842123 8.511325904 9.764214242 
8 -3.2125342 10.99820532 10.181843688 
8 -0.9939958760000001 7.069464966 11.961965580000001 
8 -3.9098430939999997 6.734983464 8.278889606 
6 -4.641167056 7.28489373 5.742877314 
1 -2.972538998 7.328357428 4.531562948 
1 -5.570912248 9.119817675999998 5.665398548000001 
6 -6.445855386 5.2912327999999995 4.786675958 
1 -7.58724989 6.143499225999999 3.299461596 
8 -4.9794280099999995 3.123717078 3.9438581620000006 
6 -6.088697172 0.8673842340000001 4.850926642 
1 -6.200191006000001 -0.43085752800000005 3.254108172 
7 -4.382274594 -0.24755410600000002 6.740652642000001 
6 -2.913957492 1.2491088860000001 8.282669058 
1 -3.029230778 3.295682144 8.084247827999999 
6 -4.29912665 -2.85348626 6.920176612 
8 -5.567132796 -4.240545144 5.591699234 
7 -2.67396229 -3.775672548 8.715416312 
1 -2.5775862640000002 -5.6710677259999995 8.872263570000001 
6 -1.160291764 -2.394282842 10.314124508 
8 0.211649312 -3.50544173 11.827795034000001 
6 -1.3511540899999999 0.281569174 10.0155478 
1 -0.22487739399999998 1.5325677860000002 11.198516276000001 
6 -8.698408778 1.5420164159999998 5.884606764 
1 -9.219973154 0.34015068 7.4795355080000006 
8 -10.470971766000002 1.4343020340000001 3.8852766560000003 
1 -11.183398468 3.091591736 3.735988302 
6 -8.27699988 4.255662952 6.753880724 
1 -7.49276359 4.367156786 8.654945080000001 
8 -10.565458066 5.67862663 6.8030136 
15 -12.094246400000001 6.0074389539999995 9.412725206 
8 -10.837578610000001 4.425738292 11.362922438 
8 -14.823010744000001 5.6257143019999996 8.872263570000001 
8 -11.67850668 8.896830008 10.153497798 
6 -9.225642332 10.013658074 10.083577936000001 
1 -7.859370434 8.656834806 9.348474522 
1 -8.658724531999999 10.567347792 11.984642292 
6 -9.242649866 12.33046215 8.413060152 
1 -7.44552044 13.30367104 8.666283436 
8 -9.728309448 11.576461476 5.835473888 
6 -10.76198957 13.645711446 4.50699651 
1 -9.257767674 14.382704586 3.305130774 
7 -12.778327211999999 12.702738172 2.842147904 
6 -12.85958543 13.383039532 0.334481502 
1 -11.406386136 14.647266226000001 -0.40062191199999997 
6 -14.58868472 11.113478606000001 3.8644896699999998 
8 -14.605692254000001 10.480420396000001 6.0754690899999995 
7 -16.39337305 10.295227248000002 2.193971886 
1 -17.71618125 9.112258772 2.885611602 
6 -16.58234565 10.896160116 -0.328812324 
8 -18.317114118 9.998540266000001 -1.5911492919999999 
6 -14.65482513 12.553449817999999 -1.235880804 
1 -14.649155952 13.141154604 -3.208754748 
6 -11.652050516000001 15.618585390000002 6.4326273039999995 
1 -13.630593638 16.125031957999997 6.1397197740000005 
8 -10.019327252 17.729409332 6.275780046 
1 -9.501542328 18.10357508 7.968974542 
6 -11.31945874 14.240975136 8.95730124 
1 -13.04855803 13.3225683 9.592249176 
8 -10.593803956 15.917162098 10.937734088000001 
15 -12.687620364 16.973518931999998 12.872813512 
8 -11.474416272000001 19.010643560000002 14.375145682000001 
8 -13.86114021 14.794664853999999 14.195621712 
8 -14.764429238 18.233966174 11.09269162 
6 -14.233416232 20.495968196 9.724529996 
1 -12.950292278 20.082118202 8.165506045999999 
1 -13.347134738 21.87357845 10.971749156 
6 -16.646596333999998 21.612796262 8.679511518 
1 -16.461403186000002 23.663148972000002 8.728644394 
8 -17.086902492 20.613131208 6.164286212 
6 -19.723070262 20.458173676 5.7126416980000005 
1 -20.121802448 21.667598316 4.093146516 
7 -20.339120938 17.863579878 5.0077739 
6 -20.040544230000002 15.743307305999998 6.477980728 
7 -19.108909312 15.682836073999999 8.849586858 
6 -19.057886710000002 13.364142272 9.771773146000001 
7 -18.182943572 12.965410086 12.101805303999999 
1 -17.568782622 14.445065544 13.137375152 
1 -18.130031243999998 11.202295728 12.82179091 
7 -19.859130534000002 11.268436138 8.479200562 
1 -19.736298344 9.586579998000001 9.365482056000001 
6 -20.830449698 11.28166422 6.039564296 
8 -21.506971606 9.276664934 5.047458145999999 
6 -20.894700382 13.762874458 5.015332804 
7 -21.705392836 14.61703061 2.670182838 
6 -21.338785992 17.05477715 2.7533307820000004 
1 -21.777202424 18.309555214 1.205645188 
6 -21.085562707999998 21.359572978000003 8.099365636 
1 -22.750411314 20.210619570000002 8.503767 
8 -21.663818864 23.956056502 7.825355366 
1 -21.314219554 24.730844162 9.424063562 
6 -19.057886710000002 20.955171614 10.104364922 
1 -19.018202464 19.021981916 10.813012172 
8 -19.418824376 22.536872276 12.25487311 
15 -20.841788054 21.442720922 14.707737458 
8 -21.000525038 23.532757877999998 16.576676472 
8 -19.615355880000003 19.023871642 15.437171694000002 
8 -23.629133904 20.836118876 13.73830802 
6 -25.27508525 22.805213368 12.899269676 
1 -24.196051704000002 24.213059238 11.848582019999998 
1 -26.157587292000002 23.714171573999998 14.522544309999999 
6 -27.319768782 21.737518178000002 11.211744357999999 
1 -28.173924934000002 23.313549662 10.195071769999998 
8 -26.212389346000002 19.840233274000003 9.562013559999999 
6 -27.888576307999998 17.769093578 9.30690055 
1 -28.124792057999997 17.434612076 7.286783456 
7 -26.688600297999997 15.539216898000001 10.402941629999999 
6 -27.491733848 13.082573098000001 10.168615606000001 
7 -29.547755736 12.296447082 8.8817122 
6 -29.825545458 9.820906022 8.998875212 
7 -31.771963237999998 8.722975216 7.827245092000001 
1 -33.009733768 9.805788214 6.863484832 
1 -32.00250981 6.8332492160000005 7.89905468 
7 -28.219278358 8.235425908 10.272550536 
1 -28.60100301 6.370266346 10.24231492 
6 -26.093336608 9.000764938 11.610476544 
8 -24.770528408 7.409615646 12.693289541999999 
6 -25.76641401 11.65960942 11.504651888 
7 -23.916372256000002 13.19028748 12.564788174 
6 -24.541871562 15.469297036 11.861810102 
1 -23.477955824 17.134145642 12.373925848 
6 -30.373565998 18.496638088 10.582465599999999 
1 -31.276855025999996 16.869584002 11.474416272000001 
8 -31.943928304 19.689055194 8.773997818 
1 -32.44659542 21.27831476 9.478865616 
6 -29.46082834 20.371246279999998 12.568567626 
1 -28.805093418000002 19.449059992 14.288218286 
8 -31.401576942000002 22.077668858 13.326347752 
15 -33.372561160000004 21.263196952 15.493863474 
8 -34.918357028 23.523309248 16.108024424 
8 -31.95526666 19.957396286 17.532877828 
8 -35.152683052 19.239300405999998 14.148378562 
6 -36.995165902000004 19.993301080000002 12.33046215 
1 -36.05597208 20.605572304 10.599473134 
1 -38.110104242000006 21.556104482 13.073124468 
6 -38.743162452 17.814447001999998 11.729529282 
1 -40.275730238 18.549550416000002 10.56356834 
8 -37.286183706 15.834014154 10.506876559999998 
6 -38.038294654000005 13.441621038000001 11.44229093 
1 -38.440806292 12.256762836 9.803898488 
7 -35.889676192 12.32101352 12.802893650000001 
6 -34.253173476 13.796889526000001 14.188062808 
1 -34.568757718 15.830234702000002 14.263651848 
6 -35.566533046 9.733978625999999 12.646046392 
8 -36.964930286 8.363927276 11.434732026 
7 -33.535077596 8.804233434 13.959405962 
1 -33.279964586 6.918286886 13.895155277999999 
6 -31.828655018 10.162946428 15.372921009999999 
8 -30.082548194 9.049897814 16.429277844 
6 -32.289748162 12.82179091 15.440951146 
1 -31.038749550000002 14.055781988 16.514315514000003 
6 -40.379665167999995 13.847912128 13.084462824000001 
1 -40.432577496 12.534552558 14.67372239 
8 -42.552850068000005 13.685395692 11.534887504 
1 -43.618655532000005 15.074344302 11.994090922000002 
6 -39.963925448 16.544551130000002 14.006649112 
1 -38.754500807999996 16.635257978000002 15.669607992 
8 -42.275060346 17.752086044000002 14.690729924 
15 -42.949692528 18.184833297999997 17.623584676 
8 -45.141774688000005 19.9366093 17.721850428 
8 -40.589424754 18.842457946 18.995525752 
8 -43.875658268 15.482525118 18.57600658 
6 -45.952467142 14.225857328 17.402486734 
1 -46.045063716 14.747421704 15.408825804 
1 -47.711802048 14.775767594 18.319003844 
6 -45.644441804 11.391268327999999 17.616025771999997 
1 -46.653555487999995 10.539001902 16.032435384 
8 -42.961030884 10.801673816000001 17.65004084 
6 -42.454584316 8.979977952 19.537877114 
1 -41.296182278 7.515440302 18.662933975999998 
7 -40.957921324 10.178064236 21.520199688 
6 -39.398897374 8.974308773999999 23.207725006 
7 -38.969929572 6.464752646 23.322998292 
6 -37.376890554 5.875158134 25.148473608 
7 -36.740052892 3.461978032 25.518859904 
1 -37.494053566000005 2.124052024 24.385024304 
1 -35.524959074 2.980097902 26.904029062 
7 -36.290298104 7.606147150000001 26.743402352 
1 -35.099770724 6.961750584000001 28.083218086000002 
6 -36.702258372 10.198851222 26.662144134000002 
8 -35.619445374 11.59346901 28.192822194 
6 -38.410570676 10.864034774 24.704387998 
7 -39.327087786 13.211074466 23.969284584 
6 -40.823750778000004 12.70840735 22.075779132 
1 -41.855541174 14.140819658 21.049657913999997 
6 -44.988706881999995 7.94629783 20.45628395 
1 -44.92823565 7.456858796000001 22.459393509999998 
8 -45.682236324 5.878937586 18.90670863 
1 -46.717806172 6.546010864 17.582010704 
6 -46.721585624 10.206410126 20.01219834 
1 -46.719695898 11.531108052 21.588229824 
8 -49.291612984 9.47697589 19.647481222 
15 -50.94701296 8.479200562 21.998300366 
8 -52.135650614 6.062241008 21.204615446000002 
8 -52.570287594 10.59191423 22.882692134 
8 -48.932565044 7.876377968000001 24.156367458 
6 -48.945793126 5.502882112 25.441381137999997 
1 -48.465802722 3.994880764 24.116683212 
1 -50.818511592 5.138164993999999 26.214279072 
6 -47.046618496 5.512330742 27.578661244 
1 -46.23214659 3.622604742 27.682596173999997 
8 -45.185238386 7.4814252340000005 27.096781114000002 
6 -45.083193182 9.144384114000001 29.179259166 
1 -43.495823342 8.549120424 30.352779012000003 
7 -44.557849354 11.704962844 28.240065344 
6 -46.07151988 12.816121732000001 26.441046192 
1 -47.670228076 11.75409572 25.69082497 
6 -42.498048014 12.967299812 29.232171494 
8 -41.107209678000004 12.043223798 30.817651608 
7 -42.12199254 15.35402375 28.29864685 
1 -40.613991192 16.302666202 28.977058484 
6 -43.561963752 16.584235376 26.516635232 
8 -43.012053486 18.761199728 25.90814346 
6 -45.650110982 15.151823068 25.575551684 
1 -46.897330142 15.964405248 24.152588006000002 
6 -47.605977392 8.887381378 30.543641338 
1 -49.07618422 10.028775882000001 29.64980094 
8 -47.246929451999996 9.495873150000001 33.123117328 
1 -46.226477412 8.18251358 33.833654304 
6 -48.142659576 6.077358816 30.190262576000002 
1 -50.151438314 5.64083211 30.282859149999997 
8 -46.965360278000006 4.5750266459999995 32.091326932 
15 -48.586745185999995 2.4774307859999998 33.58043102 
8 -47.326297944000004 2.057911614 36.054082354 
8 -49.004374632 0.306135612 31.853221456000004 
8 -51.239920489999996 3.8115773419999996 34.083098136000004 
6 -51.476136239999995 5.82035608 35.870778932 
1 -52.160217052 7.517330028000001 34.92213648 
1 -49.644991746 6.220977992 36.719265906000004 
6 -53.312949912 5.092811569999999 37.932469998 
1 -53.067285532 6.4250684 39.48582477 
8 -55.854631382 5.081473214 36.883672068 
6 -57.184998486 2.930965026 37.754835754 
1 -59.01614298 3.588589674 38.433247388000005 
7 -57.619635466 1.24721916 35.613776196 
6 -59.050158048 -0.918406836 35.619445374 
7 -60.31060529 -1.874608192 37.616885755999995 
6 -61.516250477999996 -3.9816526820000004 37.036739874 
7 -62.86173539 -5.179738966 38.801743958 
1 -62.93732443 -4.452194456 40.564858316000006 
1 -63.79337030800001 -6.789785518 38.382224786 
7 -61.489794314 -5.068245132 34.684031004 
1 -62.472451834 -6.68018141 34.436476897999995 
6 -60.208560086 -4.117712954 32.5977735 
8 -60.316274467999996 -5.249658828 30.55686942 
6 -58.900869694 -1.85193148 33.191147464000004 
7 -57.404206701999996 -0.306135612 31.686925568000003 
6 -56.688000548000005 1.50233217 33.20248582 
1 -55.48235536 3.044348586 32.622339938 
6 -55.610856728 1.744217098 39.86376997 
1 -55.833844395999996 -0.306135612 39.92046175 
8 -56.249584115999994 2.91962667 42.17868432 
1 -54.694339618 3.463867758 42.928905541999995 
6 -52.948232794 2.454754074 39.032290530000004 
1 -52.179114311999996 1.150843134 37.63767274200001 
8 -51.20212597 2.4774307859999998 41.082643239999996 
15 -49.7942801 -0.090706848 41.899004872 
8 -47.537947255999995 0.64250684 43.399447316 
8 -49.480585584 -1.71020203 39.62755422 
8 -51.748256784 -1.438081486 43.752826078 
6 -52.78004718 -0.134170546 45.876878102 
1 -54.715126604 0.44219588400000004 45.464917834000005 
1 -51.65566021 1.54012669 46.285058918 
6 -52.778157453999995 -1.83303422 48.172895192 
1 -53.535937579999995 -0.74644177 49.750816402000005 
8 -54.240805378 -4.09125679 47.590859584 
6 -52.674222524 -6.247434156 47.755265746 
1 -53.078623888 -7.15261291 49.561843802 
7 -53.379090322 -7.995430706 45.742707556 
6 -53.649321140000005 -10.565458066 45.961915772 
7 -53.307280734 -11.931729964 48.087857522 
6 -53.704123194000005 -14.363807326 47.706132870000005 
7 -53.443341006 -15.990861412 49.618535582 
1 -52.94067389 -15.329457312 51.334406789999996 
1 -53.738138262 -17.856020974 49.352084216 
7 -54.38631428 -15.382369640000002 45.423343861999996 
1 -54.645206742000006 -17.266426462000002 45.330747288 
6 -54.749141672 -14.016097742 43.20858499 
8 -55.365192347999994 -15.129146356 41.248939127999996 
6 -54.327732774 -11.39504778 43.586530190000005 
7 -54.482690306 -9.384379316 41.906563776 
6 -53.90443415 -7.4133950980000005 43.267166496 
1 -53.843962917999995 -5.512330742 42.524504178 
6 -49.956796536 -5.298791704 47.604087666 
1 -49.357753394 -5.0002149959999995 45.650110982 
8 -48.373206148 -6.999545104 48.926895865999995 
1 -48.560289022 -6.619710178 50.688120498 
6 -50.183563656000004 -2.789235576 48.994926002 
1 -48.686900664 -1.466427376 48.49981779 
8 -50.055062288 -3.10859927 51.668888292 
15 -48.123762316000004 -1.424853404 53.301611556 
8 -45.629323996000004 -1.5212294300000002 52.018487602 
8 -48.331632176 -2.2223177759999997 55.98313275 
8 -49.221693122000005 1.368161624 53.061616354 
6 -47.634323282000004 3.437411594 52.371866364 
1 -47.817626704 3.809687616 50.35174927 
1 -45.670897968 2.98576708 52.793275262 
6 -48.378875326 5.776892382 53.826955384 
1 -46.774497952 7.069464966 53.796719768 
8 -50.661664334 6.8313594900000005 52.717686222 
6 -52.277380064000006 7.7289793399999995 54.656545097999995 
1 -52.772488276 9.671617668000001 54.178444420000005 
7 -54.609301948 6.215308814 54.63197866 
6 -54.68867044 3.870158848 53.507591690000005 
1 -52.982247862 3.13694516 52.613751291999996 
6 -56.725795068000004 7.228201950000001 55.78471152 
8 -56.733353971999996 9.295562193999999 56.793825204 
7 -58.834729284 5.72586978 55.714791658 
1 -60.39564296 6.426958126 56.553830002 
6 -59.046378596 3.3731609099999997 54.630088934 
8 -61.077834046 2.246884214 54.741582768 
6 -56.784376574 2.458533526 53.473576622 
1 -56.76736904 0.612271224 52.56272869 
6 -50.814732140000004 7.558904 57.141534788 
1 -52.056282122 7.1261567459999995 58.73268408 
8 -49.439011612 9.8265752 57.485464920000005 
1 -47.757155472 9.348474522 57.956006694 
6 -49.053507507999996 5.351704032 56.591624522 
1 -49.960575987999995 3.52433899 56.8807526 
8 -46.868984252 5.361152662 58.163876554 
15 -46.885991786 3.8134670679999996 60.779257337999994 
8 -44.535172642 4.47865062 62.16253677000001 
8 -47.443460956 1.126276696 60.208560086 
8 -49.2273623 4.958641024 62.291038138000005 
6 -49.157442438000004 7.47386633 63.260467575999996 
1 -48.626429432 8.783446448 61.760025132 
1 -47.774163005999995 7.598588246 64.77791755400001 
6 -51.72180062 8.208969744000001 64.28091961599999 
1 -51.546056102 10.079798484 65.12373741200001 
8 -53.562393744000005 8.08802728 62.245684714 
6 -55.882977272 7.129936198 63.179209358 
1 -57.345625196 8.482980014 62.655755256 
7 -56.42721836 4.731873904 61.886636774 
6 -54.512925922 3.144504064 61.121297744 
1 -52.560838964 3.696304056 61.480345684 
6 -58.932995036 4.117712954 61.467117602 
8 -60.680991586 5.476425948 62.100175812 
7 -59.320388865999995 1.8538212059999999 60.270921044 
1 -61.134525826 1.3624924459999999 59.949667624 
6 -57.50436218 0.177634244 59.464008041999996 
8 -58.15631765 -1.7933499739999998 58.415210112 
6 -54.96268071 0.950532178 59.955336802 
1 -53.392318404 -0.251333558 59.380860098 
6 -55.62408481 6.867264284 66.044033974 
1 -56.657764932 5.228871842 66.756460676 
8 -56.393203291999995 9.157612196 67.192987382 
1 -55.040159476 9.67539712 68.277690106 
6 -52.783826632 6.47231155 66.314264792 
1 -52.226357462 4.514555413999999 66.00812918 
8 -51.884317056 7.135605376 68.76334968799999 
15 -51.194567066000005 4.951082120000001 70.76079007 
8 -50.53127324 6.205860184 73.18341880199999 
8 -49.353973942 3.208754748 69.55514488200001 
8 -53.787271138 3.46764721 71.15007362600001 
6 -55.854631382 4.60148281 72.45965374400001 
1 -56.015258091999996 6.58569511 71.919192108 
1 -55.540936865999996 4.4843197980000005 74.489219468 
6 -58.290488196 3.254108172 71.817146904 
1 -59.832504612 4.301016376 72.69586949400001 
8 -58.511586138000006 3.06135612 69.08838256 
6 -59.651090916 0.729434236 68.43642709000001 
1 -61.308380617999994 1.17163012 67.29314286 
7 -57.887976558 -0.691639716 66.860395606 
6 -58.437886823999996 -2.7986842060000003 65.448770284 
7 -60.715006654 -3.9306300800000002 65.27113604 
6 -60.65075597 -5.920511558 63.766914144 
7 -62.74835183 -7.267886196 63.38329976599999 
1 -64.362177834 -6.7444320939999995 64.25446345200001 
1 -62.723785392 -8.792895077999999 62.240015536 
7 -58.526703946 -6.73687319 62.527253888000004 
1 -58.679771752 -8.275110154 61.41798472599999 
6 -56.16265672 -5.60303759 62.678431968 
8 -54.369306746 -6.50065744 61.480345684 
6 -56.196671787999996 -3.460088306 64.294147698 
7 -54.276710172 -1.8046883299999998 64.966890154 
6 -55.367082074 -0.20031095599999998 66.49000931 
1 -54.384424554 1.3568232679999999 67.370621626 
6 -60.361627892 -0.62360958 70.889291438 
1 -60.072499814000004 -2.662623934 70.745672262 
8 -62.878742924 0.022676712 71.522349648 
1 -62.784256623999994 1.250998612 72.84893729999999 
6 -58.490799152 0.540461636 72.748781822 
1 -56.66343411 -0.408180816 72.733664014 
8 -59.37519092 0.43085752800000005 75.290463292 
15 -58.73268408 -1.9898814779999998 77.013893404 
8 -60.040374471999996 -1.642171894 79.47242693 
8 -55.956676586 -2.403731472 76.970429706 
8 -60.049823102000005 -4.28967802 75.581481096 
6 -62.723785392 -4.369046512 75.246999594 
1 -63.339836068000004 -2.7249848919999997 74.166076322 
1 -63.657310036 -4.3520389779999995 77.080033814 
6 -63.47022716200001 -6.7444320939999995 73.84860235400001 
1 -65.505462064 -6.66128415 73.536797564 
8 -62.009468964 -6.893720448000001 71.52423937399999 
6 -60.42398885 -9.04233891 71.586600332 
1 -61.266806646 -10.453964232 70.34316062399999 
7 -57.965455324 -8.343140290000001 70.55103048400001 
6 -56.712566986 -9.527998492 68.61028188200001 
7 -57.544046426 -11.553784764 67.30259149 
6 -55.913212888000004 -12.262432014 65.55081548800001 
7 -56.438556716 -14.248534040000001 64.082498386 
1 -58.082618336 -15.183948410000001 64.333831944 
1 -55.20834509 -14.80600321 62.737013473999994 
7 -53.649321140000005 -11.08324299 65.11050933 
1 -52.538162252 -11.765434076 63.72156072 
6 -52.75170129 -8.998875212 66.43142780400001 
8 -50.673002690000004 -8.08802728 65.883407264 
6 -54.482690306 -8.208969744000001 68.32304353 
7 -54.33907113 -6.234206074 70.04269418999999 
6 -56.442336168 -6.3872738799999995 71.31825924 
1 -56.935554654 -5.106039652 72.828150314 
6 -60.318164194000005 -9.932399856 74.328592758 
1 -58.868744352 -8.930845076 75.40195712600001 
8 -59.978013514000004 -12.587464886 74.35504892200001 
1 -61.62396486 -13.339575834 74.421189332 
1 -63.018582648 -8.944073158 77.29168312600001 
6 -62.950552511999994 -9.208634798 75.25077904599999 
8 -64.78925591 -11.11158888 74.69142015 
1 -65.39963740799999 -10.788445734 73.011453736 
